Year	RS	RA	W	OBP	SLG	BA	Playoffs	RankSeason	RankPlayoffs	G	OOBP	OSLG
2012	734	688	81	0.328	0.418	0.259	0			162	0.317	0.415
2012	700	600	94	0.32	0.389	0.247	1	4	5	162	0.306	0.378
2012	712	705	93	0.311	0.417	0.247	1	5	4	162	0.315	0.403
2012	734	806	69	0.315	0.415	0.26	0			162	0.331	0.428
2012	613	759	61	0.302	0.378	0.24	0			162	0.335	0.424
2012	748	676	85	0.318	0.422	0.255	0			162	0.319	0.405
2012	669	588	97	0.315	0.411	0.251	1	2	4	162	0.305	0.39
2012	667	845	68	0.324	0.381	0.251	0			162	0.336	0.43
2012	758	890	64	0.33	0.436	0.274	0			162	0.357	0.47
2012	726	670	88	0.335	0.422	0.268	1	6	2	162	0.314	0.402
2012	583	794	55	0.302	0.371	0.236	0			162	0.337	0.427
2012	676	746	72	0.317	0.4	0.265	0			162	0.339	0.423
2012	767	699	89	0.332	0.433	0.274	0			162	0.31	0.403
2012	637	597	86	0.317	0.374	0.252	0			162	0.31	0.364
2012	609	724	69	0.308	0.382	0.244	0			162	0.327	0.399
2012	776	733	83	0.325	0.437	0.259	0			162	0.326	0.414
2012	701	832	66	0.325	0.39	0.26	0			162	0.333	0.442
2012	650	709	74	0.316	0.386	0.249	0			162	0.315	0.401
2012	804	668	95	0.337	0.453	0.265	1	3	3	162	0.311	0.419
2012	713	614	94	0.31	0.404	0.238	1	4	4	162	0.306	0.378
2012	684	680	81	0.317	0.4	0.255	0			162	0.306	0.407
2012	651	674	79	0.304	0.395	0.243	0			162	0.314	0.39
2012	651	710	76	0.319	0.38	0.247	0			162	0.319	0.398
2012	619	651	75	0.296	0.369	0.234	0			162	0.308	0.394
2012	718	649	94	0.327	0.397	0.269	1	4	1	162	0.313	0.393
2012	765	648	88	0.338	0.421	0.271	1	6	3	162	0.313	0.387
2012	697	577	90	0.317	0.394	0.24	0			162	0.294	0.352
2012	808	707	93	0.334	0.446	0.273	1	5	5	162	0.309	0.408
2012	716	784	73	0.309	0.407	0.245	0			162	0.335	0.438
2012	731	594	98	0.322	0.428	0.261	1	1	4	162	0.303	0.373
2011	731	662	94	0.322	0.413	0.25	1	5	4	162	0.316	0.409
2011	641	605	89	0.308	0.387	0.243	0			162	0.31	0.361
2011	708	860	69	0.316	0.413	0.257	0			162	0.341	0.46
2011	875	737	90	0.349	0.461	0.28	0			162	0.322	0.392
2011	654	756	71	0.314	0.401	0.256	0			162	0.335	0.413
2011	654	706	79	0.319	0.388	0.252	0			162	0.317	0.397
2011	735	720	79	0.326	0.408	0.256	0			162	0.325	0.415
2011	704	760	80	0.317	0.396	0.25	0			162	0.323	0.413
2011	735	774	73	0.329	0.41	0.258	0			162	0.331	0.431
2011	787	711	95	0.34	0.434	0.277	1	4	3	162	0.321	0.396
2011	625	702	72	0.318	0.388	0.247	0			162	0.316	0.401
2011	615	796	56	0.311	0.374	0.258	0			162	0.337	0.432
2011	730	762	71	0.329	0.415	0.275	0			162	0.337	0.425
2011	667	633	86	0.313	0.402	0.253	0			162	0.313	0.388
2011	644	612	82	0.322	0.375	0.257	0			161	0.31	0.371
2011	721	638	96	0.325	0.425	0.261	1	3	3	162	0.304	0.385
2011	619	804	63	0.306	0.36	0.247	0			162	0.34	0.435
2011	718	742	77	0.335	0.391	0.264	0			162	0.332	0.411
2011	867	657	97	0.343	0.444	0.263	1	2	4	162	0.322	0.399
2011	645	679	74	0.311	0.369	0.244	0			162	0.317	0.378
2011	713	529	102	0.323	0.395	0.253	1	1	4	162	0.296	0.361
2011	610	712	72	0.309	0.368	0.244	0			162	0.338	0.409
2011	593	611	71	0.305	0.349	0.237	0			162	0.314	0.375
2011	556	675	67	0.292	0.348	0.233	0			162	0.31	0.386
2011	570	578	86	0.303	0.368	0.242	0			162	0.309	0.346
2011	762	692	90	0.341	0.425	0.273	1	7	1	162	0.319	0.398
2011	707	614	91	0.322	0.402	0.244	1	6	4	162	0.303	0.383
2011	855	677	96	0.34	0.46	0.283	1	3	2	162	0.307	0.392
2011	743	761	81	0.317	0.413	0.249	0			162	0.328	0.419
2011	624	643	80	0.309	0.383	0.242	0			161	0.319	0.382
2010	713	836	65	0.325	0.416	0.25	0			162	0.34	0.448
2010	738	629	91	0.339	0.401	0.258	1	6	4	162	0.314	0.376
2010	613	785	66	0.316	0.386	0.259	0			162	0.336	0.434
2010	818	744	89	0.339	0.451	0.268	0			162	0.327	0.399
2010	685	767	75	0.32	0.401	0.257	0			162	0.334	0.398
2010	752	704	88	0.332	0.42	0.268	0			162	0.325	0.395
2010	790	685	91	0.338	0.436	0.272	1	6	4	162	0.323	0.396
2010	646	752	69	0.322	0.378	0.248	0			162	0.342	0.416
2010	770	717	83	0.336	0.425	0.263	0			162	0.326	0.397
2010	751	743	81	0.335	0.415	0.268	0			162	0.332	0.4
2010	719	717	80	0.321	0.403	0.254	0			162	0.331	0.398
2010	611	729	76	0.303	0.362	0.247	0			162	0.33	0.402
2010	676	845	67	0.331	0.399	0.274	0			162	0.342	0.435
2010	681	702	80	0.311	0.39	0.248	0			162	0.327	0.403
2010	667	692	80	0.322	0.379	0.252	0			162	0.316	0.378
2010	750	804	77	0.335	0.424	0.262	0			162	0.338	0.427
2010	781	671	94	0.341	0.422	0.273	1	4	4	162	0.317	0.417
2010	656	652	79	0.314	0.383	0.249	0			162	0.33	0.394
2010	859	693	95	0.35	0.436	0.267	1	3	3	162	0.322	0.399
2010	663	626	81	0.324	0.378	0.256	0			162	0.313	0.379
2010	772	640	97	0.332	0.413	0.26	1	1	3	162	0.311	0.405
2010	587	866	57	0.304	0.373	0.242	0			162	0.348	0.449
2010	665	581	90	0.317	0.371	0.246	0			162	0.308	0.368
2010	513	698	61	0.298	0.339	0.236	0			162	0.313	0.401
2010	697	583	92	0.321	0.408	0.257	1	5	1	162	0.313	0.37
2010	736	641	86	0.332	0.402	0.263	0			162	0.319	0.387
2010	802	649	96	0.333	0.403	0.247	1	2	4	162	0.308	0.404
2010	787	687	90	0.338	0.419	0.276	1	7	2	162	0.319	0.39
2010	755	728	85	0.312	0.454	0.248	0			162	0.326	0.405
2010	655	742	69	0.318	0.39	0.25	0			162	0.33	0.41
2009	720	782	70	0.324	0.418	0.253	0			162	0.33	0.419
2009	735	641	86	0.339	0.405	0.263	0			162	0.323	0.39
2009	741	876	64	0.332	0.415	0.268	0			162	0.353	0.476
2009	872	736	95	0.352	0.454	0.27	1	3	4	162	0.335	0.422
2009	707	672	83	0.332	0.407	0.255	0			161	0.324	0.391
2009	724	732	79	0.329	0.411	0.258	0			162	0.325	0.414
2009	673	723	78	0.318	0.394	0.247	0			162	0.333	0.418
2009	773	865	65	0.339	0.417	0.264	0			162	0.351	0.443
2009	804	715	92	0.343	0.441	0.261	1	5	4	162	0.328	0.405
2009	743	745	86	0.331	0.416	0.26	0			163	0.336	0.422
2009	772	766	87	0.34	0.416	0.268	0			162	0.333	0.408
2009	643	770	74	0.319	0.4	0.26	0			162	0.344	0.44
2009	686	842	65	0.318	0.405	0.259	0			162	0.343	0.422
2009	883	761	97	0.35	0.441	0.285	1	2	3	162	0.338	0.432
2009	780	611	95	0.346	0.412	0.27	1	3	3	162	0.312	0.361
2009	785	818	80	0.341	0.426	0.263	0			162	0.345	0.45
2009	817	765	87	0.345	0.429	0.274	1	7	4	163	0.331	0.431
2009	671	757	70	0.335	0.394	0.27	0			162	0.342	0.418
2009	915	753	103	0.362	0.478	0.283	1	1	1	162	0.327	0.408
2009	759	761	75	0.328	0.397	0.262	0			162	0.329	0.413
2009	820	709	93	0.334	0.447	0.258	1	4	2	162	0.329	0.427
2009	636	768	62	0.318	0.387	0.252	0			161	0.346	0.442
2009	638	769	75	0.321	0.381	0.242	0			162	0.333	0.406
2009	640	692	85	0.314	0.402	0.258	0			162	0.316	0.394
2009	657	611	88	0.309	0.389	0.257	0			162	0.314	0.372
2009	730	640	91	0.332	0.415	0.263	1	6	4	162	0.319	0.386
2009	803	754	84	0.343	0.439	0.263	0			162	0.324	0.417
2009	784	740	87	0.32	0.445	0.26	0			162	0.331	0.416
2009	798	771	75	0.333	0.44	0.266	0			162	0.339	0.434
2009	710	874	59	0.337	0.406	0.258	0			162	0.352	0.45
2008	720	706	82	0.327	0.415	0.251	0			162	0.318	0.398
2008	753	778	72	0.345	0.408	0.27	0			162	0.336	0.423
2008	782	869	68	0.333	0.429	0.267	0			161	0.361	0.435
2008	845	694	95	0.358	0.447	0.28	1	3	3	162	0.323	0.39
2008	855	671	97	0.354	0.443	0.278	1	2	4	161	0.316	0.395
2008	811	729	89	0.332	0.448	0.263	1	6	4	163	0.32	0.41
2008	704	800	74	0.321	0.408	0.247	0			162	0.345	0.45
2008	805	761	81	0.339	0.424	0.262	0			162	0.33	0.424
2008	747	822	74	0.336	0.415	0.263	0			162	0.344	0.431
2008	821	857	74	0.34	0.444	0.271	0			162	0.353	0.437
2008	770	767	84	0.326	0.433	0.254	0			161	0.333	0.407
2008	712	743	86	0.323	0.415	0.263	0			161	0.328	0.44
2008	691	781	75	0.32	0.397	0.269	0			162	0.328	0.415
2008	765	697	100	0.33	0.413	0.268	1	1	4	162	0.323	0.406
2008	700	648	84	0.333	0.399	0.264	1	7	3	162	0.315	0.376
2008	750	689	90	0.325	0.431	0.253	1	5	4	162	0.323	0.406
2008	829	745	88	0.34	0.408	0.279	0			163	0.324	0.431
2008	799	715	89	0.34	0.42	0.266	0			162	0.331	0.397
2008	789	727	89	0.342	0.427	0.271	0			162	0.329	0.405
2008	646	690	75	0.318	0.369	0.242	0			161	0.328	0.392
2008	799	680	92	0.332	0.438	0.255	1	4	1	162	0.329	0.41
2008	735	884	67	0.32	0.403	0.258	0			162	0.362	0.454
2008	637	764	63	0.317	0.39	0.25	0			162	0.332	0.409
2008	671	811	61	0.318	0.389	0.265	0			162	0.351	0.433
2008	640	759	72	0.321	0.382	0.262	0			162	0.341	0.404
2008	779	725	86	0.35	0.433	0.281	0			162	0.332	0.431
2008	774	671	97	0.34	0.422	0.26	1	2	2	162	0.314	0.4
2008	901	967	79	0.354	0.462	0.283	0			162	0.362	0.455
2008	714	610	86	0.331	0.399	0.264	0			162	0.309	0.38
2008	641	825	59	0.323	0.373	0.251	0			161	0.343	0.436
2007	712	732	90	0.321	0.413	0.25	1	3	3	162	0.334	0.42
2007	810	733	84	0.339	0.435	0.275	0			162	0.327	0.415
2007	756	868	69	0.333	0.412	0.272	0			162	0.354	0.412
2007	867	657	96	0.362	0.444	0.279	1	1	1	162	0.314	0.392
2007	752	690	85	0.333	0.422	0.271	1	5	4	162	0.322	0.399
2007	693	839	72	0.318	0.404	0.246	0			162	0.338	0.435
2007	783	853	72	0.335	0.436	0.267	0			162	0.343	0.456
2007	811	704	96	0.343	0.428	0.268	1	1	3	162	0.322	0.407
2007	860	758	90	0.354	0.437	0.28	1	3	2	163	0.33	0.423
2007	887	797	88	0.345	0.458	0.287	0			162	0.338	0.427
2007	790	891	71	0.336	0.448	0.267	0			162	0.364	0.442
2007	723	813	73	0.33	0.412	0.26	0			162	0.337	0.454
2007	706	778	69	0.322	0.388	0.261	0			162	0.339	0.445
2007	822	731	94	0.345	0.417	0.284	1	2	4	162	0.328	0.412
2007	735	727	82	0.337	0.406	0.275	0			162	0.326	0.399
2007	801	776	83	0.329	0.456	0.262	0			162	0.333	0.422
2007	718	725	79	0.33	0.391	0.264	0			162	0.324	0.431
2007	804	750	88	0.342	0.432	0.275	0			162	0.329	0.409
2007	968	777	94	0.366	0.463	0.29	1	2	4	162	0.34	0.417
2007	741	758	76	0.338	0.407	0.256	0			162	0.329	0.404
2007	892	821	89	0.354	0.458	0.274	1	4	4	162	0.346	0.451
2007	724	846	68	0.325	0.411	0.263	0			162	0.352	0.447
2007	741	666	89	0.322	0.411	0.251	0			163	0.311	0.374
2007	794	813	88	0.337	0.425	0.287	0			162	0.349	0.431
2007	683	720	71	0.322	0.387	0.254	0			162	0.334	0.405
2007	725	829	78	0.337	0.405	0.274	0			162	0.336	0.431
2007	782	944	66	0.336	0.433	0.268	0			162	0.358	0.467
2007	816	844	75	0.328	0.426	0.263	0			162	0.356	0.423
2007	753	699	83	0.327	0.419	0.259	0			162	0.315	0.391
2007	673	783	73	0.325	0.39	0.256	0			162	0.339	0.433
2006	773	788	76	0.331	0.424	0.267	0			162	0.335	0.431
2006	849	805	79	0.337	0.455	0.27	0			162	0.343	0.438
2006	768	899	70	0.339	0.424	0.277	0			162	0.357	0.462
2006	820	825	86	0.351	0.435	0.269	0			162	0.343	0.447
2006	716	834	66	0.319	0.422	0.268	0			162	0.342	0.431
2006	868	794	90	0.342	0.464	0.28	0			162	0.326	0.44
2006	749	801	80	0.336	0.432	0.257	0			162	0.337	0.457
2006	870	782	78	0.349	0.457	0.28	0			162	0.335	0.431
2006	813	812	76	0.341	0.433	0.27	0			162	0.346	0.438
2006	822	675	95	0.329	0.449	0.274	1	3	2	162	0.321	0.405
2006	758	772	78	0.331	0.435	0.264	0			162	0.347	0.423
2006	735	719	82	0.332	0.409	0.255	0			162	0.319	0.421
2006	757	971	62	0.332	0.411	0.271	0			162	0.367	0.476
2006	766	732	89	0.334	0.425	0.274	0			162	0.316	0.402
2006	820	751	88	0.348	0.432	0.276	1	5	4	162	0.33	0.418
2006	730	833	75	0.327	0.42	0.258	0			162	0.333	0.438
2006	801	683	96	0.347	0.425	0.287	1	2	4	162	0.312	0.423
2006	834	731	97	0.334	0.445	0.264	1	1	3	162	0.323	0.407
2006	930	767	97	0.363	0.461	0.285	1	1	4	162	0.326	0.413
2006	771	727	93	0.34	0.412	0.26	1	4	3	162	0.338	0.422
2006	865	812	85	0.347	0.447	0.267	0			162	0.339	0.46
2006	691	797	67	0.327	0.397	0.263	0			162	0.357	0.431
2006	731	679	88	0.332	0.416	0.263	1	5	4	162	0.312	0.404
2006	756	792	78	0.325	0.424	0.272	0			162	0.337	0.432
2006	746	790	76	0.324	0.422	0.259	0			161	0.337	0.415
2006	781	762	83	0.337	0.431	0.269	1	6	1	161	0.337	0.443
2006	689	856	61	0.314	0.42	0.255	0			162	0.358	0.452
2006	835	784	80	0.338	0.446	0.278	0			162	0.341	0.424
2006	809	754	87	0.348	0.463	0.284	0			162	0.328	0.422
2006	746	872	71	0.338	0.418	0.262	0			162	0.349	0.447
2005	696	856	77	0.332	0.421	0.256	0			162	0.345	0.455
2005	769	674	90	0.333	0.435	0.265	1	4	4	162	0.333	0.406
2005	729	800	74	0.327	0.434	0.269	0			162	0.336	0.416
2005	910	805	95	0.357	0.454	0.281	1	3	4	162	0.335	0.441
2005	703	714	79	0.324	0.44	0.27	0			162	0.325	0.407
2005	741	645	99	0.322	0.425	0.262	1	2	1	162	0.31	0.397
2005	820	889	73	0.339	0.446	0.261	0			163	0.352	0.483
2005	790	642	93	0.334	0.453	0.271	0			162	0.302	0.387
2005	740	862	67	0.333	0.411	0.267	0			162	0.362	0.457
2005	723	787	71	0.321	0.428	0.272	0			162	0.33	0.436
2005	717	732	83	0.339	0.409	0.272	0			162	0.339	0.402
2005	693	609	89	0.322	0.408	0.256	1	5	2	163	0.308	0.389
2005	701	935	56	0.32	0.396	0.263	0			162	0.362	0.463
2005	761	643	95	0.325	0.409	0.27	1	3	3	162	0.312	0.401
2005	685	755	71	0.326	0.395	0.253	0			162	0.327	0.429
2005	726	697	81	0.331	0.423	0.259	0			162	0.324	0.408
2005	688	662	83	0.323	0.391	0.259	0			162	0.307	0.408
2005	722	648	83	0.322	0.416	0.258	0			162	0.321	0.387
2005	886	789	95	0.355	0.45	0.276	1	3	4	162	0.332	0.422
2005	772	658	88	0.33	0.407	0.262	0			162	0.311	0.382
2005	807	726	88	0.348	0.423	0.27	0			162	0.32	0.426
2005	680	769	67	0.322	0.4	0.259	0			162	0.344	0.424
2005	684	726	82	0.333	0.391	0.257	1	6	4	162	0.322	0.408
2005	699	751	69	0.317	0.391	0.256	0			162	0.332	0.422
2005	649	745	75	0.319	0.396	0.261	0			162	0.336	0.412
2005	805	634	100	0.339	0.423	0.27	1	1	3	162	0.318	0.398
2005	750	936	67	0.329	0.425	0.274	0			162	0.355	0.455
2005	865	858	79	0.329	0.468	0.267	0			162	0.343	0.428
2005	775	705	80	0.331	0.407	0.265	0			162	0.324	0.418
2005	639	673	81	0.322	0.386	0.252	0			162	0.333	0.396
2004	836	734	92	0.341	0.429	0.282	1	6	4	162	0.326	0.415
2004	615	899	51	0.31	0.393	0.253	0			162	0.35	0.439
2004	803	668	96	0.343	0.434	0.27	1	4	4	162	0.329	0.4
2004	842	830	78	0.345	0.432	0.281	0			162	0.348	0.404
2004	949	768	98	0.36	0.472	0.282	1	3	1	162	0.318	0.408
2004	789	665	89	0.328	0.458	0.268	0			162	0.321	0.395
2004	865	831	83	0.333	0.457	0.268	0			162	0.338	0.453
2004	750	907	76	0.331	0.418	0.25	0			162	0.348	0.481
2004	858	857	80	0.351	0.444	0.276	0			162	0.342	0.445
2004	833	923	68	0.345	0.455	0.275	0			162	0.372	0.471
2004	827	844	72	0.337	0.449	0.272	0			162	0.34	0.441
2004	718	700	83	0.329	0.406	0.264	0			162	0.324	0.412
2004	803	698	92	0.342	0.436	0.267	1	6	3	162	0.328	0.417
2004	720	905	58	0.322	0.397	0.259	0			162	0.352	0.476
2004	761	684	93	0.332	0.423	0.262	1	5	4	162	0.323	0.408
2004	634	757	67	0.321	0.387	0.248	0			161	0.32	0.417
2004	780	715	92	0.332	0.431	0.266	1	6	4	162	0.323	0.406
2004	635	769	67	0.313	0.392	0.249	0			162	0.342	0.431
2004	684	731	71	0.317	0.409	0.249	0			162	0.335	0.405
2004	897	808	101	0.353	0.458	0.268	1	2	3	162	0.328	0.432
2004	793	742	91	0.343	0.433	0.27	0			162	0.332	0.409
2004	840	781	86	0.345	0.443	0.267	0			162	0.33	0.448
2004	680	744	72	0.321	0.401	0.26	0			161	0.342	0.416
2004	768	705	87	0.342	0.414	0.273	0			162	0.318	0.431
2004	698	823	63	0.331	0.396	0.27	0			162	0.338	0.441
2004	850	770	91	0.357	0.438	0.27	0			162	0.332	0.423
2004	855	659	105	0.344	0.46	0.278	1	1	2	162	0.313	0.403
2004	714	842	70	0.32	0.405	0.258	0			161	0.342	0.438
2004	860	794	89	0.329	0.457	0.266	0			162	0.344	0.432
2004	719	823	67	0.328	0.403	0.26	0			161	0.348	0.434
2003	736	743	77	0.33	0.413	0.268	0			162	0.327	0.421
2003	717	685	84	0.33	0.417	0.263	0			162	0.322	0.388
2003	907	740	101	0.349	0.475	0.284	1	1	4	162	0.327	0.401
2003	743	820	71	0.323	0.405	0.268	0			163	0.346	0.446
2003	961	809	95	0.36	0.491	0.289	1	4	3	162	0.327	0.415
2003	724	683	88	0.323	0.416	0.259	1	7	3	162	0.324	0.372
2003	791	715	86	0.331	0.446	0.263	0			162	0.322	0.404
2003	694	886	69	0.318	0.395	0.245	0			162	0.349	0.463
2003	699	778	68	0.316	0.401	0.254	0			162	0.329	0.426
2003	853	892	74	0.344	0.445	0.267	0			162	0.359	0.47
2003	591	928	43	0.3	0.375	0.24	0			162	0.352	0.461
2003	751	692	91	0.333	0.421	0.266	1	5	1	162	0.325	0.396
2003	805	677	87	0.336	0.431	0.263	0			162	0.326	0.397
2003	836	867	83	0.336	0.427	0.274	0			162	0.348	0.45
2003	574	556	85	0.303	0.368	0.243	0			162	0.306	0.354
2003	714	873	68	0.329	0.419	0.256	0			162	0.348	0.462
2003	801	758	90	0.341	0.431	0.277	1	6	4	162	0.319	0.428
2003	711	716	83	0.326	0.401	0.258	0			162	0.327	0.423
2003	642	754	66	0.314	0.374	0.247	0			161	0.345	0.438
2003	877	716	101	0.356	0.453	0.271	1	1	2	163	0.314	0.407
2003	768	643	96	0.327	0.417	0.254	1	3	4	162	0.314	0.376
2003	791	697	86	0.343	0.419	0.261	0			162	0.327	0.401
2003	753	801	75	0.338	0.42	0.267	0			162	0.336	0.431
2003	678	831	64	0.333	0.388	0.261	0			162	0.341	0.437
2003	795	637	93	0.344	0.41	0.271	0			162	0.311	0.388
2003	755	638	100	0.338	0.425	0.264	1	2	4	161	0.321	0.386
2003	876	796	85	0.35	0.454	0.279	0			162	0.336	0.452
2003	715	852	63	0.32	0.404	0.265	0			162	0.347	0.44
2003	826	969	71	0.33	0.454	0.266	0			162	0.36	0.473
2003	894	826	86	0.349	0.455	0.279	0			162	0.337	0.441
2002	851	644	99	0.341	0.433	0.282	1	3	1	162	0.314	0.392
2002	819	674	98	0.346	0.423	0.267	1	4	4	162	0.305	0.397
2002	708	565	101	0.331	0.409	0.26	1	2	4	161	0.313	0.364
2002	667	773	67	0.309	0.403	0.246	0			162	0.336	0.435
2002	859	665	93	0.345	0.444	0.277	0			162	0.308	0.385
2002	706	759	67	0.321	0.413	0.246	0			162	0.331	0.407
2002	856	798	81	0.338	0.449	0.268	0			162	0.33	0.423
2002	709	774	78	0.33	0.408	0.253	0			162	0.338	0.426
2002	739	837	74	0.321	0.412	0.249	0			162	0.348	0.423
2002	778	898	73	0.337	0.423	0.274	0			162	0.349	0.466
2002	575	864	55	0.3	0.379	0.248	0			161	0.343	0.455
2002	699	763	79	0.337	0.403	0.261	0			162	0.341	0.415
2002	749	695	84	0.338	0.417	0.262	0			162	0.33	0.41
2002	737	891	62	0.323	0.398	0.256	0			162	0.349	0.464
2002	713	643	92	0.32	0.409	0.264	0			162	0.315	0.387
2002	627	821	56	0.32	0.39	0.253	0			162	0.352	0.442
2002	768	712	94	0.332	0.437	0.272	1	7	3	161	0.318	0.421
2002	735	718	83	0.334	0.418	0.261	0			162	0.329	0.421
2002	690	703	75	0.322	0.395	0.256	0			161	0.327	0.403
2002	897	697	103	0.354	0.455	0.275	1	1	4	161	0.309	0.395
2002	800	654	103	0.339	0.432	0.261	1	1	4	162	0.315	0.384
2002	710	724	80	0.339	0.422	0.259	0			161	0.328	0.401
2002	641	730	72	0.319	0.381	0.244	0			161	0.342	0.423
2002	662	815	66	0.321	0.381	0.253	0			162	0.346	0.442
2002	814	699	93	0.35	0.419	0.275	0			162	0.315	0.41
2002	783	616	95	0.344	0.442	0.267	1	6	2	162	0.319	0.372
2002	787	648	97	0.338	0.425	0.268	1	5	3	162	0.323	0.386
2002	673	918	55	0.314	0.39	0.253	0			161	0.357	0.463
2002	843	882	72	0.338	0.455	0.269	0			162	0.355	0.451
2002	813	828	78	0.327	0.43	0.261	0			162	0.344	0.431
2001	691	730	75	0.327	0.405	0.261	0			162	0.331	0.412
2001	818	677	92	0.341	0.442	0.267	1	5	1	162	0.311	0.404
2001	729	643	88	0.324	0.412	0.26	1	7	3	162	0.314	0.384
2001	687	829	63	0.319	0.38	0.248	0			162	0.337	0.439
2001	772	745	82	0.334	0.439	0.266	0			161	0.329	0.393
2001	777	701	88	0.336	0.43	0.261	0			162	0.321	0.398
2001	798	795	83	0.334	0.451	0.268	0			162	0.334	0.427
2001	735	850	66	0.324	0.419	0.262	0			162	0.341	0.455
2001	897	821	91	0.35	0.458	0.278	1	6	4	162	0.341	0.417
2001	923	906	73	0.354	0.483	0.292	0			162	0.35	0.48
2001	724	876	66	0.32	0.409	0.26	0			162	0.357	0.461
2001	742	744	76	0.326	0.423	0.264	0			162	0.338	0.411
2001	847	769	93	0.347	0.451	0.271	1	4	4	162	0.325	0.437
2001	729	858	65	0.318	0.409	0.266	0			162	0.348	0.45
2001	758	744	86	0.323	0.425	0.255	0			162	0.323	0.411
2001	740	806	68	0.319	0.426	0.251	0			162	0.35	0.44
2001	771	766	85	0.337	0.433	0.272	0			162	0.325	0.437
2001	670	812	68	0.319	0.396	0.253	0			162	0.339	0.441
2001	642	713	82	0.323	0.387	0.249	0			162	0.314	0.419
2001	804	713	95	0.334	0.435	0.267	1	3	2	161	0.318	0.398
2001	884	645	102	0.345	0.439	0.264	1	2	4	162	0.308	0.38
2001	746	719	86	0.329	0.414	0.26	0			162	0.329	0.424
2001	657	858	62	0.313	0.393	0.247	0			162	0.344	0.433
2001	789	812	79	0.336	0.399	0.252	0			162	0.33	0.45
2001	927	627	116	0.36	0.445	0.288	1	1	3	162	0.301	0.378
2001	799	748	90	0.342	0.46	0.266	0			162	0.329	0.404
2001	814	684	93	0.339	0.441	0.27	1	4	4	162	0.328	0.428
2001	672	887	62	0.32	0.388	0.258	0			162	0.345	0.452
2001	890	968	73	0.344	0.471	0.275	0			162	0.362	0.494
2001	767	753	80	0.325	0.43	0.263	0			162	0.339	0.435
2000	864	869	82	0.352	0.472	0.28	0			162	0.351	0.453
2000	792	754	85	0.333	0.429	0.265	0			162	0.326	0.424
2000	810	714	95	0.346	0.429	0.271	1	2	4	162	0.319	0.402
2000	794	913	74	0.341	0.435	0.272	0			162	0.352	0.449
2000	792	745	85	0.341	0.423	0.267	0			162	0.322	0.411
2000	764	904	65	0.335	0.411	0.256	0			162	0.348	0.452
2000	978	839	95	0.356	0.47	0.286	1	2	4	162	0.346	0.434
2000	825	765	85	0.343	0.447	0.274	0			163	0.341	0.438
2000	950	816	90	0.367	0.47	0.288	0			162	0.35	0.425
2000	968	897	82	0.362	0.455	0.294	0			162	0.354	0.471
2000	823	827	79	0.343	0.438	0.275	0			162	0.34	0.443
2000	731	797	79	0.331	0.409	0.262	0			161	0.348	0.429
2000	938	944	72	0.361	0.477	0.278	0			162	0.353	0.476
2000	879	930	77	0.348	0.425	0.288	0			162	0.362	0.474
2000	798	729	86	0.341	0.431	0.257	0			162	0.332	0.407
2000	740	826	73	0.325	0.403	0.246	0			163	0.357	0.42
2000	748	880	69	0.337	0.407	0.27	0			162	0.347	0.466
2000	738	902	67	0.326	0.432	0.266	0			162	0.353	0.449
2000	807	738	94	0.346	0.43	0.263	1	3	2	162	0.327	0.403
2000	871	814	87	0.354	0.45	0.277	1	5	1	161	0.336	0.422
2000	947	813	91	0.36	0.458	0.27	1	4	4	161	0.348	0.423
2000	708	830	65	0.329	0.4	0.251	0			162	0.343	0.448
2000	793	888	69	0.339	0.424	0.267	0			162	0.361	0.432
2000	752	815	76	0.33	0.402	0.254	0			162	0.34	0.416
2000	907	780	91	0.361	0.442	0.269	1	4	3	162	0.339	0.416
2000	925	747	97	0.362	0.472	0.278	1	1	4	162	0.342	0.412
2000	887	771	95	0.356	0.455	0.27	1	2	3	162	0.338	0.434
2000	733	842	69	0.329	0.399	0.257	0			161	0.345	0.451
2000	848	974	71	0.352	0.446	0.283	0			162	0.369	0.475
2000	861	908	83	0.341	0.469	0.275	0			162	0.354	0.456
